0 15
0 78
0 41
0 45
0 43
0 99
0 95
15 94
15 30
15 77
15 51
15 73
78 94
78 84
78 87
41 73
41 65
41 49
45 79
43 73
43 86
43 76
43 46
43 79
1 40
1 63
1 77
1 92
40 56
63 89
77 97
92 95
2 42
2 13
2 56
2 54
2 49
2 99
2 19
13 43
13 22
13 75
56 65
54 62
54 97
54 59
49 76
49 63
49 82
49 91
19 71
19 51
19 61
3 31
3 62
31 84
31 53
31 85
31 64
62 70
62 71
4 60
5 77
5 80
5 73
5 83
73 92
73 95
83 88
83 92
6 67
6 91
7 83
8 22
8 87
22 57
22 91
22 86
87 89
9 46
9 29
9 41
9 35
46 51
46 68
29 59
29 96
29 61
35 45
10 16
10 76
10 27
10 91
16 19
16 49
16 51
27 81
27 54
11 16
11 37
11 35
37 93
37 56
37 72
37 41
75 82
14 74
14 93
74 91
30 64
30 37
51 78
17 77
17 99
17 82
17 24
17 23
17 38
17 51
24 62
24 56
23 89
23 76
38 45
18 65
18 55
18 50
18 66
18 29
65 73
65 88
55 79
55 64
50 76
50 72
50 88
50 53
50 97
71 97
20 68
20 84
68 85
68 95
68 83
84 88
21 85
21 53
85 94
57 98
86 97
25 71
25 94
25 51
26 71
26 42
26 91
28 76
28 32
32 36
32 86
59 91
59 72
36 55
36 87
36 88
33 49
33 99
33 43
33 64
33 95
33 96
34 86
88 99
39 99
39 74
79 90
79 86
44 57
44 66
48 94
48 92
48 82
48 91
52 70
52 60
52 67
70 77
58 62
90 98
