0 927
1 29
1 998
1 933
1 216
1 190
1 579
1 39
29 680
216 272
216 791
216 750
190 311
190 246
190 970
579 961
579 941
579 985
39 870
39 169
2 760
2 124
2 329
329 738
329 512
3 399
3 495
3 340
399 865
399 566
399 425
495 840
495 950
495 716
495 969
495 781
495 664
4 124
4 345
4 989
4 366
345 382
345 402
345 496
345 688
345 733
345 726
345 840
366 721
366 802
5 290
5 831
5 787
290 716
290 889
290 625
290 861
831 878
831 904
787 893
6 431
6 407
6 578
6 301
431 510
407 860
407 997
407 757
407 831
578 718
578 661
578 965
301 992
301 748
7 39
7 777
7 580
7 767
7 707
7 507
7 361
580 733
580 591
580 860
707 972
507 810
361 807
361 981
8 530
8 719
8 10
8 563
8 77
530 964
719 997
719 860
10 471
10 700
10 909
10 743
563 890
563 786
77 377
77 926
77 717
77 743
77 849
77 919
77 106
9 26
26 622
26 252
26 966
26 862
471 683
471 739
700 768
743 761
11 496
11 843
11 208
11 55
11 862
496 896
496 809
496 967
208 713
55 581
55 775
55 263
55 253
55 826
55 654
12 220
220 685
13 51
13 119
13 61
13 974
51 459
51 578
51 258
51 788
119 630
119 128
119 566
119 290
61 549
61 338
61 398
61 497
61 305
14 162
14 791
14 359
14 558
162 399
162 419
162 258
359 712
359 741
558 729
15 464
15 845
15 885
15 627
464 880
464 610
464 542
885 992
885 962
627 662
16 597
16 395
16 868
16 296
16 379
16 965
395 756
395 907
395 452
395 835
395 588
395 679
395 974
296 519
296 352
296 880
296 779
379 703
379 666
379 675
379 978
17 733
17 677
17 556
17 535
17 561
733 819
733 760
677 996
677 775
556 821
535 607
535 846
561 742
561 797
19 66
19 222
19 932
19 758
66 412
66 419
66 525
66 807
66 309
66 259
222 991
222 660
222 761
932 972
758 979
20 335
20 468
20 228
20 166
335 344
335 841
335 843
468 915
468 839
228 891
228 253
228 576
228 772
228 467
166 771
166 869
21 701
21 416
701 935
701 970
416 735
416 673
416 839
416 821
22 395
22 934
22 913
934 940
23 511
23 359
23 925
511 938
511 866
24 664
24 562
24 770
24 995
24 810
664 902
562 694
25 598
25 610
25 650
598 866
598 685
598 654
610 734
610 869
610 617
650 735
622 678
252 290
252 729
27 42
27 96
42 679
42 66
42 483
42 294
42 913
96 870
96 398
96 202
96 577
28 64
28 845
28 491
64 348
64 285
491 596
491 838
491 666
680 990
30 661
30 909
30 324
30 734
661 940
324 940
324 935
324 354
324 839
324 632
734 958
734 766
734 739
31 871
31 499
31 968
31 324
31 870
499 674
499 556
32 972
32 275
32 872
275 725
275 531
275 329
275 358
872 963
33 259
33 423
259 362
423 520
423 599
423 836
34 800
35 629
35 404
35 240
35 157
35 163
35 532
35 894
404 503
240 997
240 661
240 864
240 970
157 476
157 702
157 682
157 644
157 649
163 735
163 786
163 740
163 853
163 985
532 908
532 541
894 897
36 691
36 181
36 329
36 188
36 955
691 804
691 703
181 925
181 328
188 638
188 559
188 681
37 113
37 491
37 757
37 756
37 516
37 419
113 230
113 323
113 951
113 774
113 374
113 745
757 974
756 888
756 960
516 554
516 617
516 885
516 924
38 216
38 146
38 662
38 856
38 543
38 673
146 865
146 727
146 629
146 986
146 419
146 487
662 841
662 860
662 711
543 685
543 802
673 813
673 774
673 767
673 997
673 881
169 869
169 479
169 449
169 632
169 205
40 255
255 927
255 330
41 617
41 164
41 393
41 165
41 217
617 973
164 762
393 411
165 675
165 244
165 615
165 536
217 572
217 701
217 880
217 925
217 518
483 877
483 653
294 878
294 845
294 402
43 906
43 726
43 989
43 444
43 571
43 702
906 958
444 709
444 525
571 781
702 970
44 95
44 378
44 253
44 606
95 775
95 350
95 962
378 443
378 695
378 966
253 342
253 758
253 806
253 830
606 766
606 767
606 968
45 703
45 752
45 948
45 935
45 198
45 882
752 768
935 982
198 796
46 855
46 697
46 630
697 937
630 794
47 974
47 867
47 443
47 579
47 554
867 996
443 913
48 978
48 68
48 293
48 469
48 71
68 749
68 350
68 975
68 870
293 973
293 778
293 622
469 951
469 852
469 686
469 940
71 524
71 696
71 156
71 201
71 601
49 760
49 189
49 914
49 407
49 87
189 458
189 677
189 817
189 260
189 254
87 188
87 113
87 446
50 427
50 156
50 305
50 270
50 541
50 263
156 655
156 341
156 893
156 412
156 340
156 856
305 930
270 483
270 831
270 434
270 347
541 562
263 373
263 397
459 597
459 633
459 540
459 968
258 324
258 336
258 880
258 842
258 962
788 807
52 622
52 722
52 198
52 145
52 905
722 728
145 397
53 241
53 691
53 152
241 562
152 551
152 420
152 456
152 614
54 322
54 882
54 320
54 157
320 622
320 606
581 980
581 662
775 893
654 676
56 271
271 645
271 532
271 791
271 395
57 523
57 401
401 864
58 116
58 590
58 723
58 943
58 670
58 493
116 824
116 694
116 851
590 964
590 886
723 876
723 871
723 823
493 821
493 907
59 129
59 526
59 784
59 963
59 368
129 496
129 160
129 757
129 758
526 537
526 642
526 600
784 919
368 578
368 915
368 887
368 934
368 489
60 705
60 938
60 676
60 791
60 89
60 265
705 862
676 695
676 912
676 796
676 761
89 937
89 871
89 571
265 431
265 382
265 284
265 997
338 586
338 687
338 886
338 621
338 823
338 660
398 800
398 942
497 736
62 891
62 263
62 367
367 663
367 662
63 640
63 408
640 737
640 818
408 424
408 418
408 853
348 897
348 718
348 787
285 800
285 473
285 609
285 517
285 546
412 976
309 850
67 106
67 946
67 602
67 805
67 646
67 429
67 776
67 312
106 510
106 290
106 644
106 600
106 507
602 615
602 678
602 813
602 884
646 975
429 438
429 536
776 973
312 624
312 979
312 576
749 972
350 854
350 682
975 981
69 617
69 412
69 425
425 750
70 807
70 356
70 407
70 114
70 577
356 484
356 863
356 670
114 667
114 290
114 350
114 593
114 189
577 704
577 586
577 948
577 591
524 701
524 647
696 718
201 795
201 752
201 601
601 825
72 696
72 700
72 430
430 860
430 915
430 923
73 101
73 697
73 549
101 178
101 113
101 432
74 242
242 258
242 348
75 124
75 87
75 390
390 398
76 707
76 437
76 566
76 190
76 804
76 905
437 453
437 468
566 653
566 597
566 968
377 687
377 458
926 955
717 877
919 946
78 225
78 657
78 807
225 781
225 306
657 772
657 675
657 719
657 684
657 701
79 92
79 822
79 595
79 709
92 466
92 360
92 628
92 390
92 370
822 949
595 967
595 764
709 764
80 825
80 749
80 90
90 474
90 786
81 706
706 983
82 610
82 691
82 949
82 965
82 285
949 955
949 980
83 695
83 169
84 253
84 959
84 797
84 655
84 317
84 770
84 861
797 831
797 888
797 867
317 421
317 749
317 514
317 784
317 908
85 708
85 874
85 228
86 651
86 401
446 863
446 468
446 816
446 876
88 719
937 952
474 971
474 596
474 546
474 966
474 477
91 141
91 544
91 768
91 763
91 708
141 694
141 713
141 247
544 777
466 931
466 888
466 582
466 799
360 594
370 751
370 869
93 767
93 910
93 338
94 168
168 381
168 881
168 810
168 545
202 901
202 231
97 115
97 926
97 604
115 122
115 707
115 911
115 996
115 186
604 700
98 712
98 746
712 901
712 909
712 975
746 927
99 632
99 885
99 379
99 647
632 773
632 979
647 789
647 939
100 249
249 434
249 519
249 573
249 405
178 354
178 228
178 773
178 561
432 728
432 663
432 876
102 911
102 747
102 246
747 877
246 613
246 664
246 272
246 590
246 678
246 439
103 841
841 931
104 281
104 993
104 874
104 489
281 569
281 748
281 751
281 633
489 918
489 985
105 989
510 560
510 760
644 770
600 910
107 240
107 466
107 842
107 296
842 849
108 840
108 295
108 113
108 119
108 865
108 219
108 249
219 487
109 168
109 283
109 333
109 500
109 660
109 529
283 473
283 938
283 781
283 299
333 443
333 426
333 764
333 510
333 342
333 433
500 562
500 574
660 731
660 926
529 812
529 536
529 649
110 411
110 354
110 921
110 565
110 142
411 804
411 533
411 838
354 461
354 650
565 763
565 587
565 625
565 987
142 616
142 343
111 902
111 964
111 788
111 175
111 733
111 258
111 942
902 921
175 343
175 729
175 339
175 770
175 302
112 776
112 496
112 933
112 458
112 837
112 601
458 880
458 539
458 913
837 949
230 569
230 436
774 860
374 610
374 858
374 379
374 736
745 801
745 759
745 995
667 948
122 464
122 912
122 634
122 222
694 999
117 827
117 240
117 911
117 401
117 163
117 279
279 876
279 914
279 478
118 599
118 300
118 352
599 838
599 904
599 851
300 678
300 596
352 696
352 380
352 695
352 698
352 849
128 476
128 385
128 767
128 171
128 762
128 549
128 488
120 131
120 579
131 655
131 878
131 792
131 676
131 261
131 656
131 256
121 929
121 909
121 158
121 622
158 301
158 957
158 261
158 192
912 937
912 915
123 221
221 670
221 340
221 438
125 368
125 690
125 706
690 794
690 813
126 138
126 578
126 656
126 349
138 574
138 732
349 838
349 701
349 660
127 474
127 694
127 508
127 144
508 632
508 992
508 748
144 327
144 243
144 250
144 228
476 797
385 462
385 725
171 923
171 595
171 761
762 947
762 841
762 904
488 842
160 701
160 931
160 700
160 876
130 339
130 914
130 923
130 781
130 905
130 568
339 402
568 819
261 728
261 544
256 300
256 460
256 876
256 897
256 554
132 578
133 329
133 685
133 160
685 753
685 702
134 627
134 357
134 287
134 387
357 709
357 384
357 401
287 313
287 659
387 600
387 947
135 409
135 205
409 453
409 687
409 848
409 633
205 527
205 655
137 581
137 844
137 414
414 679
414 898
574 585
732 928
139 671
671 992
671 678
140 587
140 230
140 633
140 472
140 791
140 905
140 343
140 337
633 956
472 860
472 930
472 668
343 516
337 563
337 571
337 700
713 931
247 530
247 432
616 732
616 943
143 736
143 920
736 916
327 589
327 931
327 858
243 430
243 422
250 905
397 757
487 745
147 788
147 648
148 244
148 517
148 974
244 983
517 941
517 649
517 535
517 710
517 925
149 204
149 929
149 630
149 684
149 256
204 943
204 933
684 994
150 676
150 996
150 834
834 837
834 859
834 881
151 386
151 220
386 548
420 885
456 955
456 801
614 738
614 660
153 899
153 521
154 605
154 724
154 904
605 908
724 731
155 610
155 959
155 530
682 703
682 917
159 940
159 540
159 327
159 374
159 733
876 896
161 858
161 420
161 494
494 633
735 955
740 993
740 889
853 907
853 997
675 769
615 802
615 832
615 741
536 571
771 904
771 821
167 532
167 455
167 307
167 859
167 254
455 997
455 686
455 483
455 920
307 512
307 702
307 634
859 997
254 639
381 907
381 391
381 729
545 672
545 901
545 872
545 613
479 581
449 933
170 391
170 477
170 837
170 827
170 607
391 572
391 972
391 597
477 752
477 972
477 545
607 989
172 234
172 884
172 665
234 453
234 370
234 359
234 248
234 451
234 511
884 968
665 842
173 686
173 998
686 739
686 783
686 790
174 379
174 819
729 812
729 763
302 835
302 413
176 214
176 736
214 620
214 660
214 645
177 219
177 665
177 830
177 257
177 374
177 297
830 884
257 360
297 709
179 228
328 599
328 419
328 873
328 797
182 587
182 712
183 871
183 342
185 415
185 709
415 622
415 992
187 675
187 511
187 395
187 959
187 712
187 947
187 789
789 791
681 744
260 949
260 962
260 544
260 831
311 398
311 315
191 242
191 466
191 970
193 280
193 621
193 555
193 748
280 315
280 287
280 871
280 578
621 681
621 919
555 967
555 850
748 950
748 897
194 641
194 623
194 373
194 695
194 332
194 860
194 272
194 856
194 590
194 702
641 783
623 900
373 826
373 954
373 533
373 849
332 524
332 946
860 941
860 897
272 492
272 936
272 762
195 369
195 698
195 250
369 514
369 936
369 628
369 432
196 566
196 740
196 354
196 249
196 252
197 785
197 881
197 293
197 748
197 857
197 558
785 799
199 686
199 511
199 234
200 546
200 499
200 932
200 615
546 890
546 807
795 881
795 990
231 468
231 703
203 447
203 535
203 469
447 572
447 732
447 654
447 773
527 964
527 560
527 644
527 544
527 546
206 893
206 969
206 456
206 248
206 409
969 979
248 820
248 252
248 422
248 694
248 673
248 831
207 420
207 907
207 918
207 369
918 967
209 352
209 339
209 601
209 495
209 689
209 383
383 451
383 757
210 626
210 514
210 898
626 999
514 693
514 814
514 622
211 423
211 372
211 271
372 973
372 406
372 890
212 364
212 542
364 890
364 417
364 930
542 953
213 911
213 691
213 265
213 301
213 391
215 594
215 471
215 446
215 716
594 639
594 860
594 699
716 814
716 857
750 848
572 984
218 642
218 316
218 909
642 908
316 392
316 908
438 561
438 582
438 937
438 826
223 517
223 434
223 955
434 939
434 831
224 859
224 338
224 675
224 355
224 567
355 778
355 774
355 419
355 540
567 868
567 577
306 931
306 916
306 641
226 890
226 926
226 770
890 946
227 871
227 288
227 750
227 374
288 665
576 893
576 885
576 724
576 660
576 599
772 897
467 735
229 381
229 674
229 951
674 877
674 695
674 854
569 775
569 855
569 761
436 767
436 452
436 660
232 456
232 932
232 614
232 571
233 266
233 854
233 358
233 878
233 541
233 384
266 477
266 276
266 717
358 595
358 626
358 424
384 648
384 991
384 893
453 475
453 528
453 619
453 795
453 752
451 459
451 557
451 558
235 894
235 371
235 647
371 783
236 424
236 583
424 529
583 776
583 783
583 630
237 976
237 935
238 521
238 337
238 316
238 810
239 800
239 765
239 625
239 741
239 823
239 914
765 832
765 816
625 737
625 705
625 939
625 673
741 928
422 549
422 890
422 541
245 310
245 871
245 747
613 641
613 922
678 699
439 878
519 811
573 653
573 780
573 794
405 901
405 845
405 468
405 992
251 786
251 895
895 933
806 871
806 901
639 951
639 932
330 719
330 787
460 751
897 951
336 355
336 707
336 525
336 845
362 384
362 511
362 585
264 663
264 521
663 764
382 385
382 495
382 535
284 856
284 562
284 659
284 935
284 375
276 928
276 463
276 736
267 589
267 664
267 340
267 783
267 681
589 647
589 816
268 287
268 364
268 724
268 602
269 543
269 424
269 453
269 501
269 443
501 907
501 812
347 964
492 840
492 782
492 896
273 872
273 815
273 911
815 886
274 346
274 663
274 871
274 783
274 652
346 386
346 357
346 976
346 511
346 512
346 595
652 743
652 847
652 893
725 734
531 793
928 964
277 729
277 836
478 568
315 746
315 778
315 885
751 938
282 850
282 357
282 456
282 919
473 957
299 811
299 686
659 831
375 602
375 641
375 446
609 903
286 523
313 689
313 741
289 383
291 406
406 494
292 390
292 868
292 377
402 423
779 800
298 544
298 553
298 641
298 340
553 623
553 771
553 793
553 845
596 653
413 816
413 633
303 695
303 999
303 647
303 982
303 808
512 556
308 401
308 687
308 780
308 846
624 982
314 884
314 430
392 541
392 569
392 515
908 928
421 927
421 816
318 756
318 943
318 992
318 597
318 960
319 882
319 893
321 349
321 805
321 512
321 566
321 692
321 906
325 917
326 910
326 688
688 838
738 833
331 392
426 694
426 427
426 813
426 823
426 873
433 525
344 597
344 758
586 994
586 921
718 927
718 898
838 997
351 669
669 827
380 651
380 427
380 413
380 626
380 824
353 477
353 618
353 759
353 632
353 460
618 776
759 953
759 879
461 777
461 978
484 507
981 995
585 824
585 682
363 798
798 950
798 967
798 819
417 420
365 583
721 953
802 891
533 950
462 805
462 630
462 745
548 601
548 883
388 984
388 876
388 901
389 624
389 476
515 985
515 623
452 721
452 895
452 499
588 879
396 686
396 477
400 924
403 727
403 732
503 682
503 648
503 587
418 815
418 622
848 969
410 678
410 510
410 757
821 844
520 908
813 994
428 656
428 997
428 838
428 986
435 650
582 707
582 687
582 678
440 938
440 957
440 835
441 570
441 775
441 590
570 950
570 770
570 630
442 459
442 831
445 750
445 500
445 649
445 677
450 880
450 811
450 536
450 979
557 742
475 601
475 487
475 809
454 628
454 498
498 526
457 590
457 951
457 526
465 834
465 554
465 983
465 641
465 676
799 880
799 995
852 923
470 516
470 898
470 759
470 541
683 836
683 714
683 963
971 974
971 985
480 852
480 676
481 483
481 798
482 512
482 766
766 868
877 952
877 904
877 941
653 929
653 976
653 834
485 844
485 582
485 700
485 966
486 516
486 527
486 999
490 627
490 996
782 843
782 968
950 951
812 990
812 933
504 793
509 855
509 987
509 813
560 753
513 774
513 643
513 620
513 921
513 803
513 783
643 826
643 950
693 876
693 989
693 828
814 824
814 877
941 963
710 773
522 566
522 644
522 901
537 567
537 875
534 842
534 797
534 743
875 916
538 586
538 864
538 887
953 975
672 833
550 657
575 647
575 598
591 733
591 956
591 853
591 789
584 700
584 937
592 854
592 726
603 802
603 609
603 928
608 612
612 790
612 999
903 923
790 831
790 903
790 865
737 889
631 797
631 769
769 989
635 830
636 745
636 976
636 737
636 846
818 864
847 893
847 995
658 737
658 781
658 978
711 849
711 810
714 974
714 999
828 859
828 941
715 885
754 784
944 964
